   0.0000000e+00   0.0000000e+00   0.0000000e+00   0.0000000e+00   0.0000000e+00   0.0000000e+00
  -8.7680177e-03   5.6057758e-02   6.1825346e-02  -8.4490589e-04  -1.1327216e-05   1.9890904e-04
  -3.8600077e-03   2.4697967e-02   4.2318507e-02  -4.2900945e-04  -1.8594551e-04   9.8523110e-05
  -1.5792399e-02   6.4279244e-02   1.6740395e-02  -8.4077001e-04   3.9735086e-05   3.9269814e-04
  -9.6080660e-03   2.6400650e-02   1.0634076e-02   3.4873634e-04   2.9981669e-04   2.0569351e-04
  -3.6832292e-03   1.8320443e-02   2.8000134e-02  -5.2787339e-04   3.3759405e-04   4.2102893e-04
   6.7223946e-03  -3.2591641e-02   3.0981396e-02   2.5775387e-04   4.7634181e-04   4.5187069e-04
  -6.4342711e-03  -5.6640484e-03   6.5289941e-02  -5.8762680e-04   4.9159898e-04   5.9586513e-04
   1.3320716e-03  -4.2750289e-02   5.4326762e-02   2.2787623e-04   4.6788618e-04   2.7047393e-04
  -2.5534441e-03   6.2478657e-03   5.6447967e-02  -5.7586758e-04   6.8058272e-04   6.2802840e-04
   9.6066785e-03  -1.8124323e-02   4.4404826e-02   5.6427602e-04   6.4241167e-04   2.8075303e-04
   1.3142131e-03   2.7645688e-02   5.5999825e-02  -4.4142524e-04   6.9951426e-04   4.5018862e-04
  -5.9586720e-02   6.0844384e-03   5.8736542e-02   5.3138848e-04  -9.7403620e-04   2.6042978e-04
  -2.9007394e-02  -3.2528288e-02   5.4752353e-02  -8.7925400e-04  -4.0798199e-05   4.2252895e-04
  -2.6034891e-02  -3.3014270e-02   5.4036743e-02   2.2091277e-04   7.5191864e-05   2.5966971e-04
  -1.2862584e-02  -3.2706920e-02   3.1543099e-02  -7.5299749e-04   9.3921164e-05   2.0632857e-04
  -2.4534065e-03  -2.7613715e-02   6.0322912e-02   1.7092608e-05   6.1654652e-04   2.4949051e-04
   4.0556914e-04  -6.3100238e-02   2.6598739e-02  -5.9258096e-04   7.1461150e-04   4.7718416e-04
   5.8261923e-04  -7.4027813e-03   5.9215051e-02  -1.8410640e-04   5.5900066e-04   6.5637913e-04
   7.7489160e-03  -5.7429559e-02   6.6394660e-03  -7.2493847e-04   5.7192699e-04   1.0482398e-04
   3.1455397e-02  -3.1629296e-02   3.6459331e-02  -3.1165770e-05   7.9658805e-04   4.6283986e-05
   6.0463445e-02  -4.4986113e-02   8.5271236e-02  -3.4950143e-04   1.3530536e-03  -2.2071564e-04
   4.2229816e-02  -5.2744882e-02   9.6677707e-02   1.5158869e-04   1.8404588e-04  -6.9590233e-04
   8.3234160e-02  -1.2124902e-01   9.0203147e-02  -9.6323745e-04   1.1067038e-03  -2.6514487e-04
   6.9407961e-02  -6.6850064e-02   1.0791823e-01  -2.9365553e-04   1.2505040e-03  -2.9037615e-04
   3.3493594e-02  -9.5584979e-02   7.0706385e-02  -5.3840272e-04   2.0240733e-03  -1.5574937e-03
   8.2984245e-02  -6.6769164e-02   6.6650751e-02  -5.6722161e-04   2.6253022e-03  -1.6795881e-03
   9.0211306e-02  -1.0195080e-01   7.2437839e-02  -9.7872101e-04   3.0806324e-03  -1.7819426e-03
   7.7035843e-02  -3.1364304e-02   1.1395034e-01  -2.9979137e-04   2.9807066e-03  -1.6444512e-03
   7.1682886e-02  -1.2724644e-01   6.4295395e-02  -1.0121239e-03   3.0640755e-03  -1.5320337e-03
   7.3805573e-02  -5.8408670e-02   1.1627192e-01  -8.7193141e-04   3.2996598e-03  -1.1966648e-03
   8.1692982e-02  -1.3028847e-01   6.2149017e-02  -7.0400263e-04   3.3020531e-03  -1.4089711e-03
   7.6105347e-02  -5.2085970e-02   1.2836972e-01  -1.0362956e-03   3.2463704e-03  -1.2745742e-03
   9.9788450e-02  -1.4541485e-01   6.2722086e-02  -9.6873124e-04   3.3988478e-03  -1.6932140e-03
   9.4464532e-02  -7.6479893e-02   1.1802511e-01  -1.5790450e-03   3.3248770e-03  -1.2960172e-03
   1.1491938e-01  -1.2351793e-01   8.4381788e-02  -1.1853234e-03   3.1938164e-03  -1.4281147e-03
   9.6064397e-02  -6.3990540e-02   1.0221635e-01  -1.5040512e-03   3.2534039e-03  -1.0160369e-03
   1.1028875e-01  -1.3657393e-01   7.9158014e-02  -1.1618163e-03   3.3179954e-03  -1.5446298e-03
   1.0513237e-01  -6.1377603e-02   1.0812201e-01  -7.9232581e-04   3.1982157e-03  -1.1972246e-03
   1.2063895e-01  -1.5064708e-01   6.4419994e-02  -9.1488953e-04   3.4341874e-03  -1.6383316e-03
   1.1191673e-01  -6.1376223e-02   1.2137167e-01  -1.0049867e-03   3.4963510e-03  -1.1504492e-03
   1.0803696e-01  -1.1460640e-01   1.0362969e-01  -4.0968726e-04   3.5160753e-03  -1.4109302e-03
   1.1139754e-01  -7.1550830e-02   1.0905869e-01  -1.5271142e-03   3.6382332e-03  -1.3413445e-03
   1.0420413e-01  -1.0763982e-01   8.6928815e-02  -1.3475346e-03   3.6730208e-03  -1.6257917e-03
   1.1753974e-01  -1.1736599e-01   7.9840543e-02  -1.7658715e-03   3.5665458e-03  -1.7340275e-03
   1.1061779e-01  -9.2045172e-02   9.6885142e-02  -1.1495341e-03   3.5084066e-03  -1.6410260e-03
   9.8517333e-02  -1.9202645e-01   1.5564070e-02   5.5926695e-04   2.7795096e-03  -2.2370241e-03
   8.9794591e-02  -1.6486493e-01   6.4347513e-02  -1.8600709e-03   2.9445877e-03  -2.2194024e-03
   8.6137274e-02  -1.1937012e-01   1.0574897e-01  -7.0873875e-04   3.1932305e-03  -1.9275584e-03
   1.0981753e-01  -1.6532927e-01   5.9624446e-02  -1.5875975e-03   3.3875713e-03  -1.9514708e-03
   1.1445816e-01  -1.1727315e-01   9.7098736e-02  -1.0644924e-04   3.4100108e-03  -1.9022239e-03
   1.2292062e-01  -1.8545386e-01   6.7038379e-02  -1.2241552e-03   3.6344802e-03  -2.1695389e-03
   1.0716294e-01  -1.1729637e-01   8.4909012e-02  -9.9328375e-04   3.4778681e-03  -1.7791758e-03
   1.2712216e-01  -1.7600497e-01   4.3443740e-02  -1.2623601e-03   3.3547225e-03  -2.1106944e-03
   1.3553787e-01  -1.0794598e-01   8.2384354e-02  -9.1852422e-04   3.3794203e-03  -2.1498322e-03
   1.3873092e-01  -1.9919016e-01   8.0454860e-02  -1.4773033e-03   3.2832292e-03  -2.3929076e-03
   1.1500305e-01  -1.3053895e-01   1.0877809e-01  -1.8836564e-03   3.3677516e-03  -2.1762567e-03
   1.2559138e-01  -1.7605126e-01   8.3341203e-02  -1.2191743e-03   3.4133755e-03  -2.5999782e-03
   1.4368919e-01  -1.9922036e-01   7.1058945e-02  -1.8425207e-03   3.8796211e-03  -3.4058804e-03
   1.2066793e-01  -1.4277572e-01   1.1529507e-01  -1.1780956e-03   3.6395986e-03  -3.1771076e-03
   1.0856537e-01  -2.0514747e-01   1.1672626e-01  -1.4428549e-03   3.7105615e-03  -3.4971543e-03
   1.1478227e-01  -1.2518775e-01   1.7239667e-01  -1.5815870e-03   4.3514638e-03  -3.2958468e-03
   1.2480196e-01  -1.9631527e-01   1.1962339e-01  -6.7805698e-04   4.0185151e-03  -3.3666050e-03
   1.2120642e-01  -1.2380945e-01   1.2516377e-01  -1.7119271e-03   4.3792951e-03  -3.3072265e-03
   1.3924630e-01  -1.7029093e-01   1.1229309e-01  -9.9440491e-04   4.0817262e-03  -3.5799949e-03
   1.2292219e-01  -1.2030419e-01   1.3839552e-01  -2.3727357e-03   4.0509695e-03  -3.4339775e-03
   1.2741196e-01  -1.4571682e-01   1.1489867e-01  -9.2266591e-04   3.7239891e-03  -3.4201346e-03
   1.3409953e-01  -1.3957457e-01   1.0148695e-01  -2.1202639e-03   4.1587618e-03  -3.6215127e-03
   1.2772264e-01  -1.3201207e-01   1.0879503e-01  -2.6630634e-04   4.2301993e-03  -4.0472397e-03
   1.3961199e-01  -1.9263156e-01   1.0208332e-01  -1.4363922e-03   4.1235627e-03  -4.0273874e-03
   1.1009962e-01  -9.1651436e-02   1.3053002e-01  -8.4756679e-04   3.6752032e-03  -4.1402001e-03
   1.2775773e-01  -1.9106408e-01   9.1827731e-02  -1.1169589e-03   4.0371287e-03  -4.1691638e-03
   1.5611295e-01  -1.2972049e-01   1.1003831e-01  -1.7093208e-03   4.3776267e-03  -4.1057605e-03
   1.4336294e-01  -1.6086797e-01   6.9660917e-02  -8.4475588e-04   4.4574061e-03  -4.2207366e-03
   1.4125783e-01  -2.0005883e-01   1.0238018e-01  -1.3979328e-03   4.5004431e-03  -4.1640951e-03
   1.3434333e-01  -1.2575825e-01   1.5222392e-01  -1.4299583e-03   4.4729092e-03  -4.0582079e-03
   1.5528723e-01  -1.9400782e-01   7.9354193e-02  -9.5811702e-04   4.7925610e-03  -4.1441268e-03
   1.5486814e-01  -1.8480407e-01   9.1818205e-02  -1.2508345e-03   4.6566735e-03  -4.0632820e-03
   1.5714475e-01  -1.1150787e-01   1.2147408e-01  -7.5155693e-04   4.4944014e-03  -3.9011165e-03
   1.7554443e-01  -1.9403648e-01   9.3001481e-02  -1.2778357e-03   4.6699750e-03  -4.2294477e-03
   1.8319137e-01  -8.4782559e-02   1.0978244e-01  -1.4414371e-03   4.0836683e-03  -3.8676893e-03
   2.2200517e-01  -1.0539708e-01   1.3297722e-02   8.6401439e-06   4.4617086e-03  -3.8166861e-03
   1.9507621e-01  -1.9651675e-01   8.0667890e-02  -5.5828957e-04   4.4446068e-03  -4.1500661e-03
   1.4407279e-01  -1.0748631e-01   6.7541821e-02  -6.6477591e-04   3.7492609e-03  -3.6131643e-03
   1.6672535e-01  -1.9446502e-01   7.2315909e-02  -5.2951798e-04   4.1011283e-03  -4.0571517e-03
   1.6322899e-01  -1.2853160e-01   6.5483656e-02  -1.1243605e-03   4.2853713e-03  -3.9036888e-03
   1.6838365e-01  -1.5361803e-01   5.7686077e-02  -4.1619305e-04   4.2413851e-03  -3.9470060e-03
   1.5213966e-01  -1.2958835e-01   8.3834997e-02  -1.3530695e-03   4.2137710e-03  -3.9970833e-03
   1.5142392e-01  -1.4450445e-01   3.9642826e-02  -4.0357997e-04   4.0022029e-03  -3.8481551e-03
   1.7354646e-01  -1.7295472e-01   5.2662344e-02  -7.8082090e-04   4.3953954e-03  -3.8793123e-03
   1.7157474e-01  -1.1034300e-01   8.2899054e-02  -1.2684476e-04   4.4737914e-03  -3.4508749e-03
   1.7274475e-01  -1.8589626e-01   3.4974109e-02  -5.0128574e-04   4.4848546e-03  -3.6305077e-03
   1.6632927e-01  -1.0460716e-01   8.6439186e-02  -8.0449785e-04   4.4465549e-03  -3.5811559e-03
   1.6784816e-01  -1.8466148e-01   4.2840428e-02  -3.6346265e-04   4.3899891e-03  -3.4835060e-03
   1.5999582e-01  -1.3261841e-01   5.5703417e-02  -1.2390962e-03   4.5402535e-03  -3.3339862e-03
   1.6575464e-01  -1.4780613e-01   6.2267165e-02  -2.5245177e-04   4.6026732e-03  -3.3610988e-03
   1.5983864e-01  -1.3557696e-01   3.6134194e-02  -1.2056844e-03   4.4404777e-03  -3.3266553e-03
   1.6267779e-01  -1.3306426e-01   5.8865259e-02  -4.3769333e-04   4.4282923e-03  -3.2888582e-03
   1.7371439e-01  -1.3211416e-01   6.1783530e-02  -1.5149343e-03   4.4969306e-03  -3.2341551e-03
   1.7956445e-01  -8.5650298e-02   9.2774154e-02   1.2746119e-04   4.7822484e-03  -3.0914097e-03
   1.9399780e-01  -1.7258785e-01   5.1679672e-02  -6.7230939e-04   4.7572081e-03  -3.0063665e-03
   1.7892837e-01  -6.8857997e-02   8.8376362e-02  -2.2871341e-04   4.4856644e-03  -3.0909389e-03
   1.9663847e-01  -1.6843886e-01   5.5837384e-02  -1.5596232e-04   4.6312160e-03  -2.9906374e-03
   1.8158768e-01  -9.6606726e-02   8.4903447e-02  -7.7354687e-04   4.8275009e-03  -3.0418659e-03
   1.9538656e-01  -1.1993424e-01   1.0117790e-01   1.5873469e-06   4.6624571e-03  -3.2211418e-03
   2.0421178e-01  -1.6014980e-01   9.5967698e-02  -5.0820763e-04   4.9108036e-03  -3.1920829e-03
   1.8902785e-01  -8.2142244e-02   1.4452178e-01  -3.4107149e-04   4.6457256e-03  -3.0262431e-03
   1.8763394e-01  -1.5579416e-01   1.0905283e-01  -2.3251031e-04   4.5241916e-03  -3.4709774e-03
   1.7384098e-01  -9.9516786e-02   9.1485006e-02  -3.8106688e-04   4.7206736e-03  -3.3047800e-03
   1.4806397e-01  -6.0681561e-02   5.6453399e-02   2.9719209e-04   4.7076144e-03  -3.3022789e-03
   1.8732502e-01  -1.0418863e-01   3.6090096e-02   2.4465523e-04   4.8288867e-03  -3.7975076e-03
   1.7530977e-01  -2.4320203e-02   8.1710781e-02   7.9022465e-05   4.7543712e-03  -3.0770036e-03
   1.9245673e-01  -6.8864458e-02   1.5697732e-01  -3.4449946e-04   5.0674704e-03  -3.3688119e-03
   1.7545830e-01  -5.5489610e-02   1.5918924e-01  -3.8658331e-04   5.0882101e-03  -3.4695415e-03
   1.8130704e-01   6.8783172e-03   1.2724005e-01   2.2184169e-04   5.0496583e-03  -2.8735994e-03
   1.9489887e-01  -7.3776469e-02   1.1202227e-01   2.3342134e-04   5.5159978e-03  -3.2755595e-03
   1.6797729e-01   2.9202956e-03   2.0639518e-01  -4.6676761e-04   5.0917162e-03  -2.9553878e-03
   1.8006732e-01  -4.6955704e-02   1.7441155e-01   1.7692955e-04   5.2546239e-03  -3.1517070e-03
   1.6578833e-01   5.0065130e-03   1.3246381e-01  -7.7353309e-04   5.2413376e-03  -3.2633201e-03
   1.6145275e-01   2.5831581e-03   1.4457366e-01  -1.1179897e-05   4.9006872e-03  -3.0889262e-03
   1.5487306e-01  -5.5824887e-02   1.2798478e-01  -2.6122335e-04   5.1150791e-03  -2.8483735e-03
   1.5854447e-01  -3.8601025e-03   1.2939270e-01  -2.7397307e-04   4.5740547e-03  -2.9074598e-03
   1.9600032e-01  -9.7998792e-02   1.3172089e-01  -3.9556169e-04   4.9146268e-03  -3.1981690e-03
   1.7025963e-01  -1.3382240e-02   1.7585577e-01  -4.1499846e-04   4.9126752e-03  -3.0736766e-03
   1.9055640e-01  -5.5490436e-02   2.0562197e-01   4.0860489e-04   5.0984308e-03  -3.5462446e-03
   1.9585392e-01  -7.3509178e-02   1.8788397e-01  -3.8787581e-04   5.2195916e-03  -3.4265646e-03
   1.8173573e-01  -1.0160857e-02   2.1646378e-01   6.6931570e-04   5.1518118e-03  -3.2782243e-03
   1.9698944e-01  -1.0800103e-01   1.6591274e-01  -3.8088784e-04   5.2623436e-03  -2.9983040e-03
   1.8721184e-01  -6.8245684e-02   1.7351405e-01  -1.0527029e-03   5.1119045e-03  -3.1256387e-03
   1.8556412e-01  -8.8623784e-02   1.6701376e-01  -2.3571641e-04   5.1349939e-03  -3.5227192e-03
   1.8715950e-01  -1.1028679e-01   1.4557204e-01  -2.8276882e-04   5.2923625e-03  -3.4643985e-03
   1.7887918e-01  -3.9884644e-02   1.7864978e-01  -7.0631044e-05   5.4120735e-03  -3.3055533e-03
   1.7740753e-01  -9.8909608e-02   1.4295785e-01  -2.2719781e-04   4.9523041e-03  -2.9839035e-03
   1.6902586e-01  -1.1871212e-01   9.5625293e-02  -9.3824134e-04   4.7802729e-03  -3.4424457e-03
   1.6013457e-01   6.8374818e-03   2.1770020e-01  -1.1100412e-06   4.5606555e-03  -3.0326624e-03
   1.7311724e-01  -7.4299444e-02   1.7586190e-01   6.1604162e-05   5.0545587e-03  -3.3826055e-03
   1.4410385e-01  -1.0231547e-02   1.9507695e-01  -8.0351990e-04   4.8531495e-03  -3.0716453e-03
   1.4061618e-01  -2.2036623e-02   1.8686225e-01  -2.1942185e-05   4.4513343e-03  -3.1519178e-03
   1.4433370e-01  -5.2988110e-02   1.6368205e-01  -4.9589449e-04   5.0142281e-03  -3.0668485e-03
   1.4694628e-01  -1.3621586e-02   1.8965171e-01   1.8178221e-04   4.7531018e-03  -2.9455901e-03
   1.5858565e-01  -8.3982221e-02   1.8016725e-01  -4.5610273e-04   4.8812533e-03  -3.2682046e-03
   1.5003344e-01  -8.9575140e-03   2.1325185e-01  -1.3307350e-04   4.7809340e-03  -3.0833230e-03
   1.5710270e-01  -8.4770060e-02   1.7748945e-01   8.6418439e-04   5.0065229e-03  -3.4348366e-03
   1.4748454e-01  -1.1312922e-02   2.1763435e-01  -7.7382276e-04   5.0617238e-03  -2.8836240e-03
   1.6835688e-01  -4.5997306e-02   2.1374327e-01  -7.7480625e-05   5.3339135e-03  -3.4731723e-03
   1.6457208e-01  -7.5073228e-02   1.7820857e-01   4.2384450e-04   5.0886507e-03  -3.2635821e-03
   1.4424405e-01  -1.4472191e-02   1.9312630e-01  -8.9715590e-04   5.0913685e-03  -3.0897852e-03
   1.6552132e-01  -6.7013822e-02   1.8290520e-01  -1.8129031e-04   5.0827668e-03  -3.0363488e-03
   1.5894479e-01  -6.8598535e-02   1.5385683e-01  -8.5374412e-04   5.1643042e-03  -3.0172226e-03
   1.5064285e-01  -2.5664151e-02   1.8725539e-01  -2.0043351e-04   4.9491412e-03  -2.7970034e-03
   1.4676318e-01  -8.5936483e-02   1.5244515e-01  -3.3677166e-04   4.9469995e-03  -2.8517985e-03
   1.4552393e-01   3.9049704e-03   2.1924204e-01  -7.2615880e-04   4.7590294e-03  -2.7185432e-03
   1.5643516e-01  -8.0625512e-02   1.3968912e-01  -3.2457667e-04   4.8942508e-03  -2.7579088e-03
   1.4753982e-01  -5.3801511e-03   1.8125199e-01  -9.3008030e-04   5.0363602e-03  -2.6042192e-03
   1.5833380e-01  -5.2386584e-02   1.5311945e-01  -1.2699706e-04   4.6678462e-03  -2.6457811e-03
   1.4675702e-01  -4.5622502e-02   1.6214531e-01  -1.1672316e-03   4.7756628e-03  -2.6009814e-03
   1.4207088e-01  -8.7887675e-03   1.6436098e-01  -2.8580706e-05   4.6185411e-03  -2.1710739e-03
   1.2556787e-01  -6.1028815e-02   1.4206936e-01  -6.8731590e-04   4.5596210e-03  -2.5998316e-03
   1.2662243e-01   2.4061319e-02   1.9472998e-01  -6.4900147e-04   4.6712677e-03  -2.4604559e-03
   1.3774778e-01  -4.7081919e-02   1.4393016e-01  -1.7400327e-04   4.7548929e-03  -2.6487018e-03
   1.4181808e-01   2.0222844e-02   1.9533388e-01  -6.3784404e-04   4.7873570e-03  -2.5258331e-03
   1.4401739e-01  -3.3475686e-02   1.5112770e-01   2.0125285e-04   4.7693690e-03  -2.7286795e-03
   1.3987171e-01  -2.0548033e-02   1.8882448e-01  -8.5815954e-04   4.7789034e-03  -2.5446521e-03
   1.3705891e-01  -7.1476992e-03   1.9923490e-01   3.4451106e-05   4.5691150e-03  -2.4034115e-03
   1.3967092e-01  -4.4495390e-02   1.4979116e-01  -1.1461677e-04   4.8617836e-03  -2.4956359e-03
   1.5031589e-01  -2.9867287e-02   1.5869447e-01  -6.7137325e-04   4.8875168e-03  -2.3840258e-03
   1.5131244e-01   1.2252448e-02   1.9861954e-01   1.1511518e-04   4.7239572e-03  -2.4484134e-03
   1.5379377e-01  -6.4034575e-02   1.5425368e-01  -1.4991848e-04   4.5867199e-03  -2.6300199e-03
   1.2579840e-01   1.6072265e-02   1.6373686e-01  -4.6112908e-04   4.4840076e-03  -2.3723400e-03
   1.3145473e-01  -1.7306568e-02   1.3914393e-01   3.8869762e-04   4.3655666e-03  -2.2531809e-03
   1.2123434e-01   2.2400011e-02   1.2481993e-01  -2.7914433e-04   4.1075337e-03  -2.4917740e-03
   1.4203474e-01   6.4869782e-02   1.4461758e-01   9.0470330e-04   4.5371705e-03  -2.5369380e-03
   1.4027368e-01   2.5491781e-02   7.0213695e-02   1.8722038e-03   4.8133585e-03  -2.4683288e-03
   1.2583534e-01   7.4379547e-02   1.3335587e-01   5.0241554e-04   4.4311449e-03  -2.4114735e-03
   1.3764304e-01   1.5867464e-02   1.0683768e-01   7.1938220e-04   4.5616605e-03  -2.6570458e-03
   1.2289930e-01   8.6027539e-02   1.3042784e-01   1.1687531e-03   4.3289663e-03  -2.4403996e-03
   1.1323380e-01   6.2338057e-03   7.5528576e-02   1.2602628e-03   4.0460137e-03  -2.3595473e-03
   1.2819064e-01   6.1261425e-02   1.1331315e-01   4.8563438e-04   4.3019343e-03  -2.3245233e-03
   1.3744764e-01   5.3569523e-02   1.4363608e-01   1.2286434e-03   4.3621968e-03  -2.2896753e-03
   1.3534163e-01   3.9376007e-02   1.0929562e-01   1.0945829e-03   4.2751606e-03  -2.3012250e-03
   1.2657958e-01   1.0081785e-01   1.4716601e-01   1.1439192e-03   4.3274177e-03  -2.0098290e-03
   1.1623434e-01   2.4640371e-02   7.8423247e-02   1.2837855e-03   3.9907336e-03  -2.3391808e-03
   1.0392445e-01   1.0566144e-01   1.4097322e-01   8.1314049e-04   4.1118179e-03  -2.1953615e-03
   1.0757089e-01   3.4426766e-02   1.0618470e-01   7.8189795e-04   3.9449392e-03  -2.2245293e-03
   1.2243784e-01   1.3826990e-01   1.3439955e-01   1.1549887e-03   4.4677913e-03  -2.2182909e-03
   1.2287956e-01   7.3574454e-02   9.1556192e-02   1.6568153e-03   4.2705502e-03  -1.9404863e-03
   1.2298003e-01   5.3899691e-02   4.5338470e-02   1.3293746e-03   4.3718977e-03  -2.0247380e-03
   1.4134749e-01   1.0198129e-01   1.0463769e-01   1.7383748e-03   4.8118422e-03  -2.0300435e-03
   1.4869239e-01   2.5246870e-02   7.4451776e-02   1.6283804e-03   4.5340599e-03  -2.0903136e-03
   1.2515730e-01   7.5054203e-02   1.0637020e-01   1.0587142e-03   4.3629039e-03  -1.9931342e-03
   1.2879778e-01   2.5753151e-02   1.0327314e-01   2.0600250e-03   4.5425326e-03  -1.8376209e-03
   9.5342233e-02   7.8699352e-02  -4.1844518e-03   3.0722846e-03   4.2904126e-03  -2.5961066e-03
   8.7634141e-02   6.1792533e-02  -2.7424628e-02   2.8601790e-03   4.1238658e-03  -2.2407995e-03
   7.8511179e-02   1.1255752e-01   5.9788087e-02   2.3890809e-03   3.8516413e-03  -2.2074128e-03
   8.5242339e-02   2.1384127e-02   1.1667507e-02   2.3083154e-03   3.5748596e-03  -2.5092525e-03
   4.8614804e-02   1.0775008e-01   8.9116143e-02   1.8392919e-03   3.7229570e-03  -2.3449100e-03
   4.4918769e-02   6.9698428e-02   5.1587680e-02   3.0281625e-03   3.3949491e-03  -2.5176079e-03
   4.8552778e-02   8.6390851e-02   2.5722747e-02   2.0976101e-03   3.3442772e-03  -2.7101940e-03
   3.3542362e-02   1.2737919e-01   7.8587417e-02   2.7592912e-03   3.0497560e-03  -2.6092059e-03
   4.4369170e-02   7.6843560e-02   2.9842036e-02   2.2886469e-03   3.3551835e-03  -2.9101830e-03
   2.7792435e-02   1.5492232e-01   9.8238452e-02   2.6917054e-03   3.4156550e-03  -2.8241279e-03
   4.4184315e-02   5.1073183e-02   3.6389149e-02   3.0740731e-03   3.5544113e-03  -3.1693180e-03
   3.8934774e-02   5.4091615e-02   3.0157138e-02   2.5511203e-03   3.5785423e-03  -3.1824456e-03
   3.6649526e-02   1.1690714e-01   1.1602374e-01   2.9225326e-03   3.8047784e-03  -3.1589208e-03
   2.8731777e-02   6.3013561e-02   3.7522514e-02   2.7673025e-03   3.4981704e-03  -3.3127626e-03
   2.4478005e-02   6.9999768e-02   1.3909562e-02   2.6003591e-03   3.6500293e-03  -3.4380911e-03
   3.4372812e-02   1.4424974e-01   6.7543553e-02   2.7895888e-03   3.6202080e-03  -3.1461112e-03
   3.1489750e-02   7.9030981e-02   1.5163265e-02   3.0151913e-03   3.4096390e-03  -3.4945748e-03
   2.2642313e-02   9.5189571e-02   1.8079668e-02   2.3742552e-03   3.3231251e-03  -3.6130279e-03
   2.6912090e-02   1.5345149e-01   1.1497708e-01   2.6815369e-03   3.3752186e-03  -3.6906428e-03
   2.4444541e-02   8.6128241e-02   4.3393254e-02   2.5683297e-03   3.4385213e-03  -3.7477671e-03
  -2.3265739e-03   1.7250306e-01   9.7760047e-02   2.6447677e-03   3.1925963e-03  -3.7020266e-03
   9.3414290e-03   1.0024569e-01   4.4309842e-02   2.9125821e-03   2.9139310e-03  -3.9980524e-03
   4.4704700e-03   1.3382262e-01   5.1765724e-02   2.0619606e-03   3.0158234e-03  -4.0546490e-03
   1.5196323e-02   1.3140055e-01   6.4201051e-02   2.9148151e-03   2.8918729e-03  -3.9323122e-03
   2.4781614e-02   8.5068715e-02   4.9695191e-02   2.9936707e-03   2.9402832e-03  -3.9554026e-03
   1.5858712e-02   8.8066142e-02   5.6273339e-02   2.3366646e-03   3.0479472e-03  -3.9598968e-03
   5.3574774e-03   1.5633940e-01   9.1875546e-02   2.6040395e-03   3.0406967e-03  -3.9797266e-03
   7.8720176e-03   7.8078329e-02   4.7534701e-02   2.8726449e-03   3.0719058e-03  -4.1891067e-03
   7.9584686e-03   1.4872538e-01   1.0421937e-01   1.9768118e-03   3.2699450e-03  -3.9592372e-03
   7.8649865e-03   9.2746311e-02   7.6896079e-02   3.0277299e-03   2.8673704e-03  -4.2962647e-03
   8.4550023e-03   7.6888014e-02   7.6560624e-02   2.2523689e-03   3.0838051e-03  -4.2293797e-03
   7.2251267e-03   1.4293727e-01   1.0708813e-01   3.2363371e-03   3.1911372e-03  -3.9321641e-03
   1.3259051e-02   6.6362151e-02   5.2502657e-02   3.2446807e-03   3.0798748e-03  -4.0731371e-03
   7.4959840e-03   1.4480542e-01   6.6870009e-02   2.2683726e-03   3.0484706e-03  -4.0335029e-03
   1.8130841e-02   1.0398135e-01   6.5313189e-02   3.3148515e-03   2.9444627e-03  -4.0550551e-03
   6.4963894e-03   8.4093752e-02   5.0386801e-02   2.9605928e-03   2.9158815e-03  -4.0480202e-03
   3.2521387e-03   1.6078206e-01   8.9351486e-02   2.8825404e-03   3.0321941e-03  -3.9062703e-03
   1.4350671e-02   7.4913431e-02   4.1639389e-02   3.1163680e-03   2.7585489e-03  -4.2132676e-03
   1.5157277e-02   1.6758074e-01   9.9549558e-02   2.6710748e-03   2.9448600e-03  -3.9834288e-03
   7.8530073e-04   1.1076004e-01   5.2924504e-02   3.5878551e-03   2.5648158e-03  -4.3972397e-03
  -9.2532267e-03   8.9770061e-02   4.3975893e-02   3.6709002e-03   2.6121702e-03  -4.3906019e-03
  -1.9642248e-02   1.5840719e-01   9.0483772e-02   2.8729771e-03   2.5225413e-03  -4.1771407e-03
  -2.8289672e-02   1.0319527e-01   8.4155454e-02   3.5497880e-03   2.6739120e-03  -4.3414037e-03
  -3.2292741e-02   1.0947013e-01   6.4675469e-02   2.9759438e-03   2.8029369e-03  -4.3775930e-03
  -2.5656553e-02   1.6668285e-01   1.1570510e-01   3.1946259e-03   2.7229563e-03  -3.9729501e-03
  -1.9921612e-02   9.7117116e-02   3.2147073e-02   3.2879335e-03   2.8606087e-03  -4.2004629e-03
  -3.3957437e-02   1.4577222e-01   4.4254028e-02   2.2047026e-03   2.9251393e-03  -4.1803290e-03
  -2.1948333e-02   3.3651666e-01   8.3591557e-02   2.6075064e-03   2.9690351e-03  -3.8010053e-03
  -1.8874354e-02   2.5671946e-01   3.5327264e-02   3.5812986e-03   2.6583532e-03  -3.8771579e-03
  -1.3797307e-02   1.4014678e-01   1.0229674e-02   3.5115041e-03   2.7306970e-03  -4.0268025e-03
  -1.2867134e-02   1.0909958e-01   2.2199621e-02   3.5841135e-03   2.7059866e-03  -3.9906676e-03
  -2.2359132e-02   1.2123179e-01   1.9939532e-02   3.4673928e-03   2.8064607e-03  -3.7798098e-03
  -3.5596122e-02   1.6571183e-01   5.0022807e-02   3.6026671e-03   2.8277904e-03  -3.8860805e-03
  -2.0333116e-02   1.3067622e-01   7.6950193e-02   3.5965451e-03   2.7601116e-03  -4.0678029e-03
  -3.3525756e-02   1.4297273e-01   9.7488710e-02   2.9091672e-03   2.8855221e-03  -4.0396865e-03
  -1.9541240e-02   1.1928893e-01   7.9081781e-02   3.5582364e-03   2.7390923e-03  -3.9969396e-03
  -2.3450604e-02   1.2823453e-01   8.2327261e-02   2.9851479e-03   2.9651246e-03  -3.8114566e-03
  -2.1487313e-02   1.7276790e-01   8.8790962e-02   3.5131128e-03   2.7467687e-03  -3.4859097e-03
  -1.6921414e-02   8.8135981e-02   7.3816104e-02   3.0104163e-03   2.9647757e-03  -4.1515273e-03
  -3.0077430e-02   1.8287752e-01   9.6963182e-02   3.5942086e-03   2.8507294e-03  -3.8979977e-03
  -1.9123411e-02   1.1126592e-01   6.8602813e-02   3.8595870e-03   2.9829956e-03  -4.1023611e-03
  -4.4122041e-02   1.6261669e-01   9.7189025e-02   3.1441026e-03   2.8113426e-03  -3.9946417e-03
  -4.4310116e-02   1.5723037e-01   8.1122824e-02   3.9936744e-03   2.5882268e-03  -3.9812746e-03
  -3.6405755e-02   1.3117987e-01   8.3685318e-02   3.6615247e-03   2.5134275e-03  -3.9071849e-03
  -4.5689815e-02   2.0396687e-01   7.5510388e-02   3.2172846e-03   2.5600934e-03  -4.0458612e-03
  -2.6933563e-02   1.7707539e-01   7.5902848e-02   3.8662424e-03   2.2767872e-03  -3.9602174e-03
  -2.6076751e-02   1.5580554e-01   7.7255597e-02   3.4396439e-03   2.4695531e-03  -3.9507866e-03
  -3.4957933e-02   2.3385722e-01   1.1208153e-01   3.7129621e-03   2.5663889e-03  -4.1283152e-03
  -2.4292574e-02   1.4001757e-01   8.4258915e-02   3.6705158e-03   2.3949360e-03  -4.2657703e-03
  -1.7174224e-02   2.1744587e-01   1.2680049e-01   3.2477524e-03   2.2403049e-03  -3.9833269e-03
  -1.7605029e-02   1.4718165e-01   1.0428016e-01   3.2925006e-03   1.6322593e-03  -4.4932985e-03
  -5.2952338e-02   1.9703411e-01   1.0462603e-01   3.0798017e-03   1.8698027e-03  -4.4320252e-03
  -5.5118159e-02   1.9876476e-01   5.8444394e-02   3.9297499e-03   1.6849604e-03  -4.3674637e-03
  -6.1574927e-02   1.6692025e-01   7.4274393e-02   3.6314337e-03   1.7054910e-03  -4.4157346e-03
  -7.0586749e-02   2.1908828e-01   1.3325225e-01   3.9624240e-03   1.5219346e-03  -4.3445735e-03
  -5.9073188e-02   1.6965072e-01   1.1234514e-01   3.8011169e-03   1.6558999e-03  -4.7103011e-03
  -7.0330337e-02   2.1423140e-01   1.1940178e-01   3.0902431e-03   1.7055290e-03  -4.5639793e-03
  -7.3325306e-02   2.0908419e-01   1.1046072e-01   3.8860436e-03   1.5962719e-03  -4.6648916e-03
  -6.5037758e-02   1.6165212e-01   8.0911403e-02   3.8052827e-03   1.4798878e-03  -4.7095668e-03
  -6.4086183e-02   1.7424460e-01   5.9036656e-02   3.8087350e-03   1.3991866e-03  -4.6426780e-03
  -7.7818875e-02   2.3233447e-01   1.1818423e-01   3.3822388e-03   1.4102714e-03  -4.4267140e-03
  -4.7683523e-02   1.7350527e-01   6.9961452e-02   3.8844390e-03   1.4362374e-03  -4.5017513e-03
  -7.3399049e-02   2.2445628e-01   1.0265784e-01   3.0925769e-03   1.5567268e-03  -4.2966870e-03
  -6.2203003e-02   1.8480202e-01   8.5563418e-02   4.0485203e-03   1.4952184e-03  -4.4012157e-03
  -7.1288134e-02   1.8489997e-01   8.4771175e-02   4.0013570e-03   1.5010952e-03  -4.2038443e-03
  -6.0138814e-02   2.4184883e-01   1.0497885e-01   4.6747552e-03   1.5424248e-03  -4.0595411e-03
  -6.4504905e-02   1.6871620e-01   4.7487272e-02   4.2596768e-03   1.3363696e-03  -4.3170411e-03
  -7.8702606e-02   2.3739000e-01   6.3554371e-02   3.4714340e-03   1.3140385e-03  -4.1209851e-03
  -9.5425089e-02   2.1465185e-01   5.9983900e-02   4.4376329e-03   1.1410184e-03  -4.3993446e-03
  -8.3663434e-02   1.7844315e-01   4.4591775e-02   4.3012075e-03   1.1388167e-03  -4.6081308e-03
  -7.1372780e-02   2.5587661e-01   1.3248026e-01   3.6882647e-03   1.3600839e-03  -4.8235171e-03
  -7.4832512e-02   1.9284390e-01   1.1560152e-01   4.0218407e-03   1.0398707e-03  -4.9747879e-03
  -8.4895726e-02   2.3246018e-01   1.1359605e-01   3.4563587e-03   1.2597324e-03  -5.0343971e-03
  -7.8704981e-02   2.3443765e-01   1.0307597e-01   4.3962826e-03   1.2692698e-03  -4.8467048e-03
  -8.4217126e-02   1.9493633e-01   8.8966341e-02   4.0601655e-03   1.4373692e-03  -5.0455428e-03
  -7.6575522e-02   2.5743153e-01   1.3529658e-01   4.5662766e-03   1.2693553e-03  -4.9153289e-03
  -6.3527235e-02   2.0043291e-01   9.1751294e-02   4.4660510e-03   1.1120104e-03  -5.1741511e-03
  -8.2040743e-02   2.9478739e-01   1.5212215e-01   4.0732222e-03   1.1845077e-03  -4.7221981e-03
  -6.1187627e-02   2.3021387e-01   1.2754504e-01   4.4579885e-03   1.1630119e-03  -5.0323952e-03
  -6.7941979e-02   2.4761103e-01   1.4035118e-01   3.6568853e-03   1.4337127e-03  -4.9098283e-03
  -7.2055952e-02   2.5321501e-01   1.2794510e-01   4.4695390e-03   1.0351460e-03  -4.8195680e-03
  -5.6000342e-02   2.1468128e-01   1.1207121e-01   4.2587351e-03   1.0954066e-03  -4.9591743e-03
  -5.8970260e-02   2.8197751e-01   1.5381599e-01   4.1030882e-03   1.1166386e-03  -4.7987028e-03
  -4.6925156e-02   2.0918852e-01   1.1922973e-01   4.3309728e-03   9.7731929e-04  -5.0681000e-03
  -5.6223635e-02   2.2451018e-01   1.1147518e-01   4.1028251e-03   1.1055336e-03  -5.2408545e-03
  -8.0427155e-02   2.8247415e-01   1.6544027e-01   3.8712090e-03   7.0881350e-04  -4.9805089e-03
  -8.3579732e-02   2.4651420e-01   1.2459862e-01   4.5299691e-03   9.8133582e-04  -5.1150660e-03
  -1.0498250e-01   3.3288681e-01   2.2121008e-01   3.6874581e-03   5.3296324e-04  -4.4640494e-03
  -4.7544725e-02   2.4246866e-01   1.6655570e-01   4.0895168e-03   1.1695926e-03  -5.0792847e-03
  -7.0150570e-02   3.0861125e-01   2.0373523e-01   3.7624705e-03   9.8064143e-04  -4.6552700e-03
  -7.2068488e-02   2.8220922e-01   1.8425142e-01   4.4162253e-03   7.5226366e-04  -4.9591519e-03
  -8.9695246e-02   3.2772855e-01   2.2790335e-01   4.5718014e-03   8.5155554e-04  -4.4170487e-03
  -1.0083474e-01   2.9319822e-01   1.6550541e-01   4.9576809e-03   8.6965041e-04  -4.8317350e-03
  -1.1325721e-01   3.2357248e-01   2.0833988e-01   4.2003630e-03   6.8850410e-04  -4.4234134e-03
  -1.2353441e-01   2.9975110e-01   1.9581873e-01   4.1194103e-03   7.7916355e-04  -4.7104017e-03
  -1.0747687e-01   3.0593133e-01   1.7106670e-01   5.4720599e-03   6.5328350e-04  -4.4825017e-03
  -1.0829162e-01   2.7293746e-01   1.8149045e-01   5.4395455e-03   8.7705587e-04  -4.1010082e-03
  -1.2163271e-01   3.2635458e-01   2.2162931e-01   4.2245247e-03   1.0372935e-03  -4.6747884e-03
  -1.1482199e-01   3.1920109e-01   2.2175597e-01   5.0928870e-03   1.0813767e-03  -4.5365118e-03
  -9.7283699e-02   2.9383405e-01   2.2772195e-01   4.9687667e-03   1.3290117e-03  -4.5080319e-03
  -1.0676667e-01   3.1589640e-01   2.5326926e-01   4.4978961e-03   1.1200600e-03  -4.2658133e-03
  -1.2275379e-01   4.1135177e-01   2.7927430e-01   5.1339842e-03   5.9537428e-04  -4.0864072e-03
  -1.1592593e-01   3.1506440e-01   2.2305711e-01   5.0687704e-03   7.2239590e-04  -4.3415558e-03
  -1.0662637e-01   4.1761656e-01   2.6481810e-01   4.4651627e-03   8.8955738e-04  -4.3773170e-03
  -1.0141336e-01   3.2764497e-01   2.4276416e-01   5.0725618e-03   5.2299016e-04  -4.3861043e-03
  -1.1576216e-01   3.7868587e-01   2.4559431e-01   4.2670210e-03   9.1082788e-04  -4.3187575e-03
  -1.4275235e-01   3.8047122e-01   2.1247225e-01   5.1935069e-03   6.4088662e-04  -4.0163429e-03
  -1.1482081e-01   3.2930043e-01   2.0851710e-01   4.8262640e-03   8.1732842e-04  -4.2943176e-03
  -1.1783631e-01   4.0445027e-01   2.6909667e-01   4.9220405e-03   8.0160497e-04  -4.2933000e-03
  -1.0330888e-01   3.3732755e-01   2.5878402e-01   5.2497153e-03   8.1420096e-04  -4.3552265e-03
  -1.0341949e-01   3.2961619e-01   2.4506253e-01   5.0886672e-03   7.2520225e-04  -4.3379174e-03
  -1.0451325e-01   3.7985987e-01   2.7514516e-01   5.0159193e-03   4.0303917e-04  -4.2563236e-03
  -9.0480110e-02   2.9805407e-01   2.5653932e-01   5.0834549e-03   4.5494706e-04  -4.3913244e-03
  -1.1562469e-01   3.4592287e-01   2.9435085e-01   4.4439867e-03   5.3189882e-04  -4.3287871e-03
  -9.8608324e-02   3.2406838e-01   2.8275415e-01   5.6429236e-03   3.4451258e-04  -4.4545441e-03
  -1.0675519e-01   3.2735501e-01   2.8316743e-01   4.8041808e-03   5.5533572e-04  -4.5901101e-03
  -1.1425232e-01   3.9727275e-01   3.2972509e-01   5.3110286e-03   2.2752847e-04  -4.4043598e-03
  -1.1174521e-01   3.2512974e-01   2.8069303e-01   5.2554080e-03   4.0748626e-04  -4.6278029e-03
  -1.2377454e-01   3.4902421e-01   2.6318476e-01   4.5310882e-03   5.2205668e-04  -4.6534213e-03
  -1.4235760e-01   4.2390344e-01   2.5678810e-01   5.3297588e-03   3.9209982e-04  -4.7180296e-03
  -1.2030242e-01   3.4822285e-01   2.4010570e-01   5.3257102e-03   3.7346184e-04  -4.8166752e-03
  -1.0248876e-01   4.2410864e-01   2.8421750e-01   4.5081068e-03   5.0619104e-04  -4.4074673e-03
  -9.2974626e-02   3.8411358e-01   2.9795253e-01   4.7364539e-03   1.6970852e-04  -5.1449381e-03
  -1.0318941e-01   3.5670050e-01   3.0537832e-01   4.2430399e-03   6.5611159e-04  -5.2021261e-03
  -1.2377828e-01   4.2431432e-01   3.3878641e-01   4.5819831e-03   5.7941043e-04  -4.8315728e-03
  -1.2315734e-01   3.3962399e-01   2.9051046e-01   5.1511784e-03   6.0022976e-04  -5.1396699e-03
  -1.3866307e-01   3.9490555e-01   2.9693306e-01   4.5340512e-03   3.7432740e-04  -5.1290036e-03
  -1.2130231e-01   3.3313971e-01   2.6548906e-01   5.2173108e-03   3.4302481e-04  -5.3105440e-03
  -1.4514171e-01   3.3523846e-01   2.6457837e-01   4.6988919e-03   5.3274384e-04  -5.4152584e-03
  -1.4569495e-01   4.0036555e-01   3.1450694e-01   5.4316445e-03   4.4383969e-04  -5.0858982e-03
  -1.4672866e-01   3.2760099e-01   2.5806725e-01   5.1658022e-03   1.8525867e-04  -5.4730571e-03
  -1.5159320e-01   4.1098300e-01   3.1029155e-01   4.8907567e-03   2.4702491e-04  -5.2886612e-03
  -1.4350371e-01   3.4047331e-01   2.7949989e-01   5.1485158e-03   2.1207666e-04  -5.5966294e-03
  -1.5566963e-01   3.9787095e-01   3.3764934e-01   4.6093068e-03   3.4408276e-04  -5.4550329e-03
  -1.5443875e-01   3.5359445e-01   2.9342668e-01   5.1473151e-03   2.7321958e-04  -5.5603940e-03
  -1.5865175e-01   3.8638078e-01   3.0594999e-01   4.6197292e-03   4.7259171e-04  -5.4280753e-03
  -1.6011152e-01   3.7479842e-01   3.0887445e-01   5.3922532e-03   1.6886281e-04  -5.6763401e-03
  -1.6355536e-01   3.4564180e-01   3.0335750e-01   4.8273658e-03   4.0678681e-04  -5.8866663e-03
  -1.7218570e-01   3.9470709e-01   2.9741146e-01   5.2021409e-03   1.5315059e-04  -5.4539945e-03
  -1.6288822e-01   3.1335624e-01   2.8653564e-01   4.9620086e-03   1.7645017e-04  -5.5410795e-03
